0.876992647999 -0.0312070980203
0.213910248041 0.948307986171
-0.21316058272 0.884162476429
-1.05985779709 0.218627129631
0.0974550145883 0.979062186143
0.66775015322 -0.860403794579
-0.140084523351 -0.869931626454
-0.824214363296 0.523412969927
-0.563334273377 -0.585313376318
0.0957594185299 -0.950114481929
-0.775370317644 0.301990669394
-0.377724377125 -0.861008778461
-0.369269044465 0.982231798469
0.841119246064 0.025096034066
-1.06501686142 -0.627473656573
0.458177952092 0.817209105203
-0.0612859257087 1.08739277456
0.299218360782 0.898700337231
-0.335277037831 0.76137854629
-0.63140273841 0.46307005742
0.959574025039 -0.645213621476
-0.270911842219 0.934509235911
0.581226994252 0.892826644157
-0.933301964369 0.418535630757
-0.632907213388 -0.502745537982
-0.0026162097098 1.07497082499
0.923052173983 0.141008932212
0.852206638942 0.190429323609
-0.646327471451 -0.914322501679
-1.06167575233 -0.227892184566
0.704972402243 0.235438950399
-0.194948716697 0.994713050732
0.260467264164 0.979010932004
-0.913374751842 0.385004078574
0.0388811329071 0.955683298625
-1.1899413096 -0.0448064273052
0.0673295146967 -0.769620360561
-0.942009775911 0.389186018006
-0.193665319904 1.02947727097
-0.760875494457 0.39205432221
0.995828841512 0.170828120783
-0.131691058386 1.03365366087
0.102567444117 0.731938879903
-0.552652608367 -0.988755999982
-0.921680678361 0.477732474248
-0.289287331832 0.773861662813
1.0258953788 -0.251161844352
0.898835471899 -0.737717363608
0.553259136272 1.00035333221
-0.947522223234 0.429122173703
-0.347572963458 0.916622101144
-0.920342700102 -0.195761740751
0.387004698527 0.887534114384
1.12132771188 0.0824483362846
0.481793342639 0.949969253026
0.916784863861 -0.206411556347
-1.01406567596 -0.307834912311
0.583083835255 0.713334260833
0.833085240115 -0.175896018271
-0.389483310184 1.09823116538
0.718541977736 0.375671575404
0.195658441493 -0.124175103965
-0.33120243616 0.729910956527
-0.167999290539 0.852831644769
1.13856347043 -0.276949545553
-0.989688361182 -0.718945487333
0.554690070283 -0.545079070349
0.635055198754 -0.344038938944
1.08381882262 -0.518730025175
-1.03437376974 0.298587461008
-0.203525111953 1.06545614919
-0.900913798287 0.410741126559
0.320414947858 0.891162854986
1.0080783288 0.564847147191
-0.250342262416 0.950528416544
-0.795999431209 0.451152311691
0.920693475268 0.529520123961
0.632823166905 0.909228658457
0.581975348723 0.84744426869
-0.0623006955169 1.21829797952
-0.566756793914 -0.977377631116
-0.386779338443 0.815551056055
-0.81814377047 0.29194934142
0.95122319722 0.110694868417
0.887388497557 -0.677532898437
1.09491751619 0.0675215867635
-1.05952160866 -0.550585241826
-1.09511260777 -0.176369923005
-0.452072107406 0.786604416263
-0.696951342968 -0.463486255201
0.402945484099 0.613305439756
-0.447640640514 0.861506060394
-0.599156055902 0.940738379398
-0.583126725573 -0.953955491011
-0.142175226839 -0.705234151915
-0.246488833055 -0.756171232268
-1.07950316404 -0.324590551669
-0.37231721777 0.917869611723
-0.301461541789 0.620853381944
-0.510021356765 -0.672430856872
-0.900565097364 0.169257690085
-1.1290422175 0.18816242442
0.511791963508 0.567569849213
-0.771567230992 0.387121168445
-0.0329738320284 0.978346579383
0.933723874948 0.549602722038
-0.551651392139 -0.932567234154
0.884792250326 0.0749809053038
-0.0786883892977 1.03492260297
-0.870089922435 0.362797383905
-1.10190035552 -0.320737137175
0.440131364179 0.761893740114
1.07829711829 0.125492549922
-0.984062876525 -0.226253050745
0.162887537451 0.803225385479
-1.01704363896 0.252116244277
-0.0340459198279 1.2320797504
-1.07642794257 0.145260403409
0.742786738051 0.940077541251
0.661410717173 -0.265825085619
-0.463049010554 0.766704757787
-0.946290686023 0.35193035833
-1.14411273849 0.278458894289
-0.900542215156 0.151598383062
-0.407248798182 -0.610302272364
0.874311434859 -0.183871244967
-0.00944975306309 1.01253352705
-0.822800979775 0.856683629592
-0.765064312238 -0.119431716408
0.469971003249 0.957939993613
-0.59367145146 -0.389417280171
-0.637381466247 -0.440964505334
-0.539610806653 1.03059823357
-0.44344304596 -0.547367308069
0.725628415336 0.82718365027
0.727221343871 -0.433153727305
-0.254865230894 1.09415960058
0.0907512830222 1.09577914855
-0.952399757513 0.547145690385
-0.22327095627 1.09226247805
-0.533316984416 0.964693672254
-0.394140841839 0.74961443875
-0.266794176407 0.775018483943
-1.00996395213 -0.331827179343
-0.124130575539 0.893435164592
-0.107234467366 1.0741544936
0.361051583952 1.20595784877
-0.908123952999 0.504968204973
0.379055257849 0.818141601162
0.444872955968 -1.10437103185
0.306259782542 1.19082521484
0.406645998139 0.984932807217
0.3907731654 0.750358824941
-0.228223440661 0.139507992449
-1.15072163369 -0.312465262126
-0.818404252552 0.140305321253
0.648977097632 0.85789393493
1.06016424371 0.305724442818
0.299512764094 0.925762665218
0.315747302563 0.917183514222
-0.0229126811584 -1.15911777137
-0.409420440133 0.911807633978
-0.542723148918 0.882727489905
0.728015059361 -0.862235520623
0.318107363021 -1.16268218109
-0.251684583765 0.918362799824
-0.0508109507278 0.82431558902
-0.311114455425 -1.11111009336
-1.00793514719 0.329616184403
-0.530049870805 0.87836555356
-0.491696036878 1.03349256178
0.986176586815 0.164599546305
-0.33652662978 0.891433856554
1.15111853835 0.492892738896
0.173876415707 0.757384235618
-0.0264381287508 1.08882754231
-0.145525136681 0.844353812756
-1.07616635796 0.342046299442
-0.13071986531 0.97036629482
-0.356729772359 0.980983229722
1.09386505698 0.354286623687
-0.914125203475 -0.202198249975
-0.481017073385 0.712893478888
-1.01962608447 -0.401461630849
-0.214306403903 1.00831160957
-0.637669284996 -0.934614809646
0.566145120191 0.716941981537
0.902008332267 0.646071368031
-1.01155333057 0.445362333178
0.68137357178 -0.230145170189
-1.02295972031 -0.353528401885
0.706656728676 -0.89209186801
0.231247363064 1.13641186279
-0.966533087405 0.237536708404
-0.0161713073904 1.06608918105
-0.885174863584 0.398648214451
-0.970674277674 0.308245805369
1.14306372169 0.213485921498
-1.04842951778 0.157916393521
-0.931665497774 0.579337936834
-1.03641618303 0.35083325126
-0.87468433344 -0.194449933922
-0.164870455078 1.11864872389
-1.13957066241 -0.078231430492
-0.45841030728 0.788287407095
0.68271535147 -0.516747612135
0.952829055358 -0.663636918931
1.08224797226 -0.183763531027
1.05925139355 -0.777601143979
-0.510541370791 0.856836268557
-0.908690439579 0.578322775855
0.343868836716 0.97093498085
0.205993410151 1.02767014142
0.270743428839 1.06866238735
0.546968328095 -1.11993351993
-1.02737768972 0.192481988855
-0.0943456412491 0.726935950932
-0.785839843382 -0.123885567303
-0.829837871793 -0.275920213496
-0.504235779529 0.631972088607
-0.789729020118 -0.974659114032
-1.04615812183 0.435775569091
-0.168993438018 0.835317414288
-0.520815764108 1.09513131883
-0.523257772488 0.858849368801
-0.90718355783 0.243485691721
-0.347857462815 0.900794692362
-0.93531261204 0.278715832415
0.289887898739 -1.14505229158
0.71274737704 -0.828232522763
1.09347335527 -0.213538929405
-0.0446922888709 0.261117157766
0.685509063015 -0.815639384623
0.0448675629778 0.154750856525
-1.04313683559 -0.236238896636
-1.16563993548 0.236620437615
-1.09023615245 0.339340792951
-0.961949463593 0.623627419228
-0.671172943208 0.206107424075
-1.05182436138 -0.262929896698
-0.00255437269914 -1.16980148632
0.232175947574 0.861505344869
-1.0161975275 0.30970024395
-0.933735246926 0.211125495706
-0.888321299501 0.481971340877
0.276030496892 -0.701130147729
0.276078415702 0.977023289998
0.253860048466 0.948594102253
0.44598457263 0.684696499804
-1.03017729818 0.274672567082
-0.650766436133 -0.383473739745
1.06557636717 0.277437487887
0.773205105331 -0.133766259004
-0.580540506301 -0.86616949261
-1.11145831264 0.286338819972
-0.408459365861 0.993428497217
0.20822446858 1.12782102998
0.122782856127 0.822123378113
-0.167628281254 0.92445423861
-0.461420477926 0.988612132114
1.17402312329 0.26181709346
-0.788592589583 0.397706670362
-0.0286811569897 0.968765534999
-0.971324349184 -0.514950974914
0.115823714135 0.713380907743
-0.0974077019313 0.949386504932
-0.311841887967 1.03446069569
0.993437528043 0.627530550681
0.933225734156 0.181663569819
-0.313252366104 1.00766755909
-0.271450013957 0.993868417205
-0.505812434854 0.640606487498
0.349871347808 0.78970703411
-0.287400495411 -0.772233076483
0.0669025366254 0.680523441043
1.06500397337 0.142726014227
0.466686958809 1.07449376023
-0.353148787549 0.587760946072
-0.0124327799888 1.17504189767
-0.435525405266 -0.567933229512
0.613103195787 -0.98445430714
-0.846778174891 -0.480834709784
0.991654343176 0.166625713011
-0.954535206633 0.554287193076
1.15313272736 0.148458971827
-0.230466911644 0.999806321018
0.401330097749 0.597975074492
0.737128158708 1.0167646653
1.10891492026 0.141147296646
-0.761956717307 0.0848109255056
-0.834651677828 -0.0552124768255
-0.0788357744115 -0.771034980381
-0.076650184657 0.978175762278
0.452697996846 -1.12822153065
-0.969936052025 -0.595966504558
-0.477220139404 0.824190206314
-0.518989435107 -1.03902659403
0.299239621634 1.09288476026
-0.495380190799 0.642570243103
0.890147165564 0.681746355636
-0.0217760820803 1.1354415551
-0.884766227338 0.486813666384
0.976563065265 -0.672508640401
